y=[210,120,60,40];
x=[73,402,846,937]

X=[ x(1).^3 x(1).^2 x(1) 1;
    x(2).^3 x(2).^2 x(2) 1;
    x(3).^3 x(3).^2 x(3) 1;
    x(4).^3 x(4).^2 x(4) 1];

A= X^(-1)*y'